1544011904754.764
1544011904872.5444
1544011904990.3018
1544011905114.1956
1544011905235.6624
1544011905355.7117
1544011905473.4255
1544011905591.3245
1544011905715.0364
1544011905835.1462
1544011905952.4258
1544011906071.7786
1544011906201.2888
1544011906293.797
1544011906406.6824
1544011906527.5178
1544011906644.289
1544011906764.7935
1544011906885.111
1544011907005.3044
1544011907126.0422
1544011907246.376
1544011907348.4268
1544011907441.8733
1544011907566.55
1544011907687.0884
1544011907807.945
1544011907924.0007
1544011908040.74
1544011908162.7568
1544011908285.1838
1544011908407.1455
1544011908526.3843
1544011908645.4038
1544011908762.253
1544011908878.8508
1544011908996.3838
1544011909113.3845
1544011909230.9856
1544011909333.2922
1544011909439.0059
1544011909558.8428
1544011909676.5063
1544011909794.4023
1544011909915.7205
1544011910034.3447
1544011910157.4534
1544011910276.6147
1544011910385.366
1544011910476.9226
1544011910588.9944
1544011910709.2217
1544011910825.8804
1544011910943.9783
1544011911064.3071
1544011911183.149
