1544012084734.9375
1544012084852.0027
1544012084970.4746
1544012085078.343
1544012085179.551
1544012085299.8242
1544012085417.5168
1544012085534.7156
1544012085652.0845
1544012085772.6255
1544012085890.673
1544012086008.2954
1544012086130.7595
1544012086251.4172
1544012086371.0247
1544012086487.4424
1544012086608.4983
1544012086729.865
1544012086848.7441
1544012086968.1208
1544012087080.8123
1544012087177.0862
1544012087300.308
1544012087420.2512
1544012087539.9485
1544012087661.9011
1544012087779.0989
